CHARSET="ANSI";
AXIS-VERSION="2000";
CREATION-DATE="20051223";
SUBJECT-AREA="01.- Alava ";
SUBJECT-CODE="00001";
MATRIX="00001001";
TITLE="Población por sexo, municipios y edad (grupos quinquenales).";
CONTENTS="Población";
UNITS="personas";
STUB="sexo","municipios";
HEADING="edad (grupos quinquenales)";
VALUES("sexo")="Ambos sexos","Varones","Mujeres";
VALUES("edad (grupos quinquenales)")="Total"," 0-4"," 05-09"," 10-14 "," 15-19",
" 20-24"," 25-29"," 30-34"," 35-39"," 40-44",
" 45-49"," 50-54"," 55-59"," 60-64"," 65-69"," 70-74"," 75-79"," 80-84"," 85 y más";
VALUES("municipios")= "Total",
"01001-Alegría-Dulantzi ",
"01002-Amurrio ",
"01003-Aramaio ",
"01004-Artziniega ",
"01006-Armiñón ",
"01008-Arrazua-Ubarrundia ",
"01009-Asparrena ",
"01010-Ayala/Aiara ",
"01011-Baños de Ebro/Mañueta ",
"01013-Barrundia ",
"01014-Berantevilla ",
"01016-Bernedo ",
"01017-Campezo/Kanpezu ",
"01018-Zigoitia ",
"01019-Kripan ",
"01020-Kuartango ",
"01021-Elburgo/Burgelu ",
"01022-Elciego ",
"01023-Elvillar/Bilar ",
"01027-Iruraiz-Gauna ",
"01028-Labastida/Bastida ",
"01030-Lagrán ",
"01031-Laguardia ",
"01032-Lanciego/Lantziego ",
"01033-Lapuebla de Labarca ",
"01034-Leza ",
"01036-Laudio/Llodio ",
"01037-Arraia-Maeztu ",
"01039-Moreda de Álava ",
"01041-Navaridas ",
"01042-Okondo ",
"01043-Oyón-Oion ",
"01044-Peñacerrada-Urizaharra ",
"01046-Erriberagoitia/Ribera Alta ",
"01047-Ribera Baja/Erribera Beitia ",
"01049-Añana ",
"01051-Salvatierra/Agurain ",
"01052-Samaniego ",
"01053-San Millán/Donemiliaga ",
"01054-Urkabustaiz ",
"01055-Valdegovía/Gaubea ",
"01056-Harana/Valle de Arana ",
"01057-Villabuena de Álava/Eskuernaga ",
"01058-Legutiano ",
"01059-Vitoria-Gasteiz ",
"01060-Yécora/Iekora ",
"01061-Zalduondo ",
"01062-Zambrana ",
"01063-Zuia ",
"01901-Iruña Oka/Iruña de Oca ",
"01902-Lantarón ";
CODES("municipios")="000",
"01001 ",
"01002 ",
"01003 ",
"01004 ",
"01006 ",
"01008 ",
"01009 ",
"01010 ",
"01011 ",
"01013 ",
"01014 ",
"01016 ",
"01017 ",
"01018 ",
"01019 ",
"01020 ",
"01021 ",
"01022 ",
"01023 ",
"01027 ",
"01028 ",
"01030 ",
"01031 ",
"01032 ",
"01033 ",
"01034 ",
"01036 ",
"01037 ",
"01039 ",
"01041 ",
"01042 ",
"01043 ",
"01044 ",
"01046 ",
"01047 ",
"01049 ",
"01051 ",
"01052 ",
"01053 ",
"01054 ",
"01055 ",
"01056 ",
"01057 ",
"01058 ",
"01059 ",
"01060 ",
"01061 ",
"01062 ",
"01063 ",
"01901 ",
"01902 ";
PRESTEXT("sexo")=0;
PRESTEXT("edad (grupos quinquenales)")=0;
ELIMINATION("sexo")="Ambos sexos";
ELIMINATION("municipios")="Total";
ELIMINATION("edad (grupos quinquenales)")="Total";
DECIMALS=0;
SHOWDECIMALS=0;
LAST-UPDATED="05/10/99";
SOURCE="Instituto Nacional de Estadística ";
CONTACT="INE E-mail:www.ine.es/infoine. Internet: www.ine.es. Tel: +34 91 583 91 00 Fax: +34 91 583 91 58";
MAP("municipios")="muni0109_01";
INFOFILE="ayuda1";
DATA=
317352 15706 14279 12723 12915 16091 21885 27865 27557 26463 25064 22671 19966 19186 15224 12220 12022 8265 7250
2714 247 200 118 94 101 150 324 386 297 222 131 124 78 90 50 49 26 27
10050 431 385 400 421 583 723 812 717 790 844 817 752 618 456 381 404 298 218
1497 80 83 73 55 71 72 101 111 111 146 128 96 90 63 72 58 50 37
1818 96 98 75 71 89 125 216 152 154 148 125 114 87 60 44 65 42 57
225 18 10 4 6 7 8 18 35 23 20 15 11 7 13 10 13 2 5
913 33 43 51 36 41 51 50 52 87 97 100 80 59 35 21 32 24 21
1680 88 81 69 69 69 88 133 148 137 159 136 96 89 51 67 74 72 54
2827 223 145 107 101 96 159 305 311 285 235 164 114 131 100 105 103 76 67
329 4 20 18 12 13 15 15 17 32 30 22 22 17 21 12 24 23 12
910 47 59 39 29 26 41 55 85 102 98 74 59 52 51 24 32 20 17
499 20 21 29 10 15 26 43 37 47 43 21 31 41 38 31 26 11 9
575 18 22 23 17 19 16 36 54 40 49 43 41 43 36 29 34 32 23
1126 44 41 39 35 41 54 89 72 104 108 82 72 69 64 57 52 46 57
1694 93 90 66 78 56 78 105 163 140 166 185 144 106 73 43 44 30 34
195 8 16 11 6 4 7 13 12 16 20 15 11 10 13 11 10 5 7
355 13 9 6 8 10 19 19 25 39 38 35 30 20 13 21 19 18 13
589 25 40 38 19 28 31 50 57 44 76 65 40 27 9 9 11 10 10
1051 49 35 38 30 41 75 87 76 89 78 76 68 71 55 49 53 46 35
367 12 23 15 12 22 15 28 24 26 29 25 21 23 17 21 23 17 14
511 25 27 24 15 27 21 28 44 52 61 41 39 20 25 10 23 22 7
1471 100 69 64 76 58 77 106 146 109 135 102 106 89 59 58 59 29 29
178 0 1 5 3 2 6 10 14 6 11 14 21 18 17 13 16 10 11
1512 69 57 46 66 89 89 100 111 119 154 124 94 100 59 63 82 44 46
696 31 26 23 34 33 43 51 60 47 52 45 46 43 36 33 40 25 28
866 30 37 41 28 35 62 74 65 72 67 70 50 35 37 48 53 32 30
236 11 8 8 6 10 13 14 20 17 14 24 16 14 13 5 17 14 12
18420 744 767 674 736 923 1156 1430 1494 1448 1445 1342 1206 1227 1085 1028 866 503 346
708 24 26 13 13 29 39 52 67 66 52 56 47 55 47 26 41 30 25
249 4 5 10 13 11 7 13 16 13 34 25 9 14 16 12 15 19 13
211 10 9 11 11 11 13 7 12 14 24 20 7 10 9 12 11 9 11
1116 76 48 35 44 32 81 108 130 125 82 78 47 52 45 41 31 30 31
3246 249 211 141 124 156 201 296 329 299 262 178 158 152 120 101 112 84 73
296 10 5 9 9 11 8 20 23 26 41 29 17 22 19 14 18 6 9
750 43 30 24 22 22 32 57 77 88 78 51 39 40 36 36 34 21 20
1303 92 95 65 58 48 61 123 167 143 110 83 66 43 36 28 35 29 21
175 4 4 6 3 3 5 12 14 15 16 11 12 10 8 12 9 17 14
4867 300 242 182 217 265 348 514 440 427 395 350 283 240 153 143 153 110 105
329 11 15 19 12 24 20 20 15 27 42 21 12 8 17 22 19 12 13
725 28 38 29 27 28 33 41 43 70 68 64 55 43 26 23 42 35 32
1271 91 56 65 48 38 80 132 132 136 106 76 85 44 37 34 55 30 26
1106 34 33 35 26 34 47 54 68 95 112 100 72 86 69 71 67 53 50
296 7 5 5 7 8 10 13 15 26 34 22 18 20 18 20 23 22 23
316 8 11 14 13 15 22 18 14 23 27 22 19 23 17 18 20 15 17
1644 95 85 58 56 71 99 146 192 150 143 91 121 115 68 57 35 26 36
238247 11613 10512 9557 9864 12493 17185 21350 20610 19558 18185 16821 14986 14713 11658 9003 8796 6006 5337
286 8 19 10 4 19 15 17 21 19 17 28 32 11 12 11 15 16 12
193 10 11 8 6 8 4 11 19 28 24 16 13 8 4 7 5 5 6
383 14 14 11 13 23 21 15 28 27 44 37 28 19 13 17 15 24 20
2401 142 181 149 114 84 93 123 189 254 296 184 138 109 81 69 73 57 65
2973 225 180 127 114 107 188 347 373 316 226 194 142 126 80 71 66 53 38
957 49 31 36 24 42 53 64 75 85 101 93 56 39 46 57 50 29 27
158322 8093 7277 6460 6724 8191 11327 14594 14443 13609 12513 11215 9949 9576 7583 5850 5446 3289 2183
1395 118 104 53 48 46 80 172 204 148 119 73 71 37 49 31 22 14 6
5047 236 192 205 221 294 379 444 346 409 418 400 395 328 245 166 183 120 66
790 43 42 41 29 35 35 48 65 60 72 70 57 48 32 45 29 26 13
909 53 55 44 39 40 57 110 82 72 72 60 67 48 29 26 23 17 15
112 9 3 2 4 3 2 10 19 9 16 6 3 6 5 7 6 0 2
485 19 20 30 18 20 36 26 28 47 50 50 52 28 18 8 13 13 9
844 45 38 26 42 31 47 68 81 78 69 87 56 44 27 22 34 34 15
1425 105 78 54 42 42 82 152 159 158 120 96 60 70 56 53 45 34 19
181 2 10 13 5 10 9 8 10 17 20 14 9 9 12 8 12 10 3
503 21 27 18 17 15 21 27 49 56 62 49 36 27 32 15 17 9 5
263 14 11 17 5 7 15 22 19 23 30 9 15 25 15 17 12 5 2
326 9 11 14 12 12 9 19 36 26 28 31 21 23 18 18 17 13 9
589 19 19 16 23 23 28 46 46 62 59 44 46 38 30 31 28 16 15
904 51 47 32 44 25 47 49 83 77 89 100 80 67 46 22 22 14 9
105 3 12 4 5 2 3 6 5 10 10 9 5 7 9 6 4 2 3
202 8 6 4 6 6 13 12 17 19 26 18 18 13 8 11 8 6 3
309 13 23 18 10 13 20 28 28 25 31 40 21 18 6 5 4 4 2
517 19 15 20 13 21 44 42 43 42 45 44 33 33 30 22 19 21 11
184 2 11 6 8 11 8 13 14 14 12 13 11 15 8 14 11 7 6
282 21 15 12 7 13 14 9 22 30 33 25 23 13 15 6 9 12 3
780 46 30 24 44 29 43 60 84 57 73 56 61 54 34 25 38 11 11
92 0 0 1 3 1 4 5 9 3 4 11 8 8 10 6 10 5 4
778 38 38 25 38 41 46 50 57 68 81 71 51 62 26 24 36 14 12
375 14 13 13 18 13 21 35 36 26 34 23 25 28 17 16 18 16 9
445 15 22 19 17 19 36 42 34 38 34 35 24 21 15 23 31 11 9
131 5 4 2 4 8 9 7 15 8 9 13 11 6 8 5 7 5 5
9123 387 401 357 372 469 628 758 770 740 718 648 544 608 515 480 404 223 101
399 10 19 8 7 17 18 31 38 39 32 37 25 31 22 17 18 14 16
125 1 2 4 6 6 4 7 10 6 19 13 5 8 11 5 4 9 5
111 5 5 7 5 6 4 2 8 7 14 14 6 4 2 9 7 4 2
591 36 31 19 21 21 40 55 68 75 46 46 23 23 24 22 13 15 13
1655 125 107 74 68 82 89 155 181 163 149 93 78 76 58 40 51 41 25
173 6 3 3 6 4 4 14 13 21 17 19 12 13 11 6 14 4 3
428 19 17 8 11 10 17 29 42 59 54 32 25 25 20 18 21 12 9
702 47 56 31 33 36 25 57 93 78 63 45 47 18 23 14 14 13 9
92 3 1 4 2 1 2 5 10 8 11 8 9 5 4 6 3 3 7
2470 163 104 82 122 141 169 279 235 227 200 183 157 136 73 67 71 32 29
176 6 6 10 9 10 12 13 6 14 25 11 7 6 8 12 9 7 5
405 13 18 18 15 15 17 25 24 40 40 35 33 27 17 14 21 19 14
677 39 30 29 27 22 34 77 68 79 64 45 51 27 20 16 24 16 9
606 12 16 16 17 17 25 28 34 52 67 65 39 46 43 40 44 25 20
173 4 3 2 4 1 5 7 14 18 18 17 10 10 9 15 14 11 11
159 5 4 7 3 8 13 8 12 13 14 9 11 10 8 11 12 5 6
865 47 45 26 24 43 56 70 119 75 80 46 63 69 31 29 20 11 11
117654 6013 5327 4871 5109 6349 8867 11158 10743 9923 8887 8083 7300 7182 5764 4279 3920 2304 1575
152 6 10 3 4 13 7 15 10 8 10 12 15 9 3 4 11 8 4
106 8 6 4 4 5 1 3 8 18 15 9 9 6 1 5 1 1 2
209 5 11 7 7 13 10 10 15 15 26 21 17 14 6 9 3 13 7
1239 73 102 69 51 45 57 62 88 128 158 114 79 60 47 31 32 26 17
1529 106 90 67 60 50 90 181 198 171 117 104 86 62 46 39 33 19 10
530 26 17 21 15 27 25 35 45 50 53 59 39 25 17 30 24 15 7
159030 7613 7002 6263 6191 7900 10558 13271 13114 12854 12551 11456 10017 9610 7641 6370 6576 4976 5067
1319 129 96 65 46 55 70 152 182 149 103 58 53 41 41 19 27 12 21
5003 195 193 195 200 289 344 368 371 381 426 417 357 290 211 215 221 178 152
707 37 41 32 26 36 37 53 46 51 74 58 39 42 31 27 29 24 24
909 43 43 31 32 49 68 106 70 82 76 65 47 39 31 18 42 25 42
113 9 7 2 2 4 6 8 16 14 4 9 8 1 8 3 7 2 3
428 14 23 21 18 21 15 24 24 40 47 50 28 31 17 13 19 11 12
836 43 43 43 27 38 41 65 67 59 90 49 40 45 24 45 40 38 39
1402 118 67 53 59 54 77 153 152 127 115 68 54 61 44 52 58 42 48
148 2 10 5 7 3 6 7 7 15 10 8 13 8 9 4 12 13 9
407 26 32 21 12 11 20 28 36 46 36 25 23 25 19 9 15 11 12
236 6 10 12 5 8 11 21 18 24 13 12 16 16 23 14 14 6 7
249 9 11 9 5 7 7 17 18 14 21 12 20 20 18 11 17 19 14
537 25 22 23 12 18 26 43 26 42 49 38 26 31 34 26 24 30 42
790 42 43 34 34 31 31 56 80 63 77 85 64 39 27 21 22 16 25
90 5 4 7 1 2 4 7 7 6 10 6 6 3 4 5 6 3 4
153 5 3 2 2 4 6 7 8 20 12 17 12 7 5 10 11 12 10
280 12 17 20 9 15 11 22 29 19 45 25 19 9 3 4 7 6 8
534 30 20 18 17 20 31 45 33 47 33 32 35 38 25 27 34 25 24
183 10 12 9 4 11 7 15 10 12 17 12 10 8 9 7 12 10 8
229 4 12 12 8 14 7 19 22 22 28 16 16 7 10 4 14 10 4
691 54 39 40 32 29 34 46 62 52 62 46 45 35 25 33 21 18 18
86 0 1 4 0 1 2 5 5 3 7 3 13 10 7 7 6 5 7
734 31 19 21 28 48 43 50 54 51 73 53 43 38 33 39 46 30 34
321 17 13 10 16 20 22 16 24 21 18 22 21 15 19 17 22 9 19
421 15 15 22 11 16 26 32 31 34 33 35 26 14 22 25 22 21 21
105 6 4 6 2 2 4 7 5 9 5 11 5 8 5 0 10 9 7
9297 357 366 317 364 454 528 672 724 708 727 694 662 619 570 548 462 280 245
309 14 7 5 6 12 21 21 29 27 20 19 22 24 25 9 23 16 9
124 3 3 6 7 5 3 6 6 7 15 12 4 6 5 7 11 10 8
100 5 4 4 6 5 9 5 4 7 10 6 1 6 7 3 4 5 9
525 40 17 16 23 11 41 53 62 50 36 32 24 29 21 19 18 15 18
1591 124 104 67 56 74 112 141 148 136 113 85 80 76 62 61 61 43 48
123 4 2 6 3 7 4 6 10 5 24 10 5 9 8 8 4 2 6
322 24 13 16 11 12 15 28 35 29 24 19 14 15 16 18 13 9 11
601 45 39 34 25 12 36 66 74 65 47 38 19 25 13 14 21 16 12
83 1 3 2 1 2 3 7 4 7 5 3 3 5 4 6 6 14 7
2397 137 138 100 95 124 179 235 205 200 195 167 126 104 80 76 82 78 76
153 5 9 9 3 14 8 7 9 13 17 10 5 2 9 10 10 5 8
320 15 20 11 12 13 16 16 19 30 28 29 22 16 9 9 21 16 18
594 52 26 36 21 16 46 55 64 57 42 31 34 17 17 18 31 14 17
500 22 17 19 9 17 22 26 34 43 45 35 33 40 26 31 23 28 30
123 3 2 3 3 7 5 6 1 8 16 5 8 10 9 5 9 11 12
157 3 7 7 10 7 9 10 2 10 13 13 8 13 9 7 8 10 11
779 48 40 32 32 28 43 76 73 75 63 45 58 46 37 28 15 15 25
120593 5600 5185 4686 4755 6144 8318 10192 9867 9635 9298 8738 7686 7531 5894 4724 4876 3702 3762
134 2 9 7 0 6 8 2 11 11 7 16 17 2 9 7 4 8 8
87 2 5 4 2 3 3 8 11 10 9 7 4 2 3 2 4 4 4
174 9 3 4 6 10 11 5 13 12 18 16 11 5 7 8 12 11 13
1162 69 79 80 63 39 36 61 101 126 138 70 59 49 34 38 41 31 48
1444 119 90 60 54 57 98 166 175 145 109 90 56 64 34 32 33 34 28
427 23 14 15 9 15 28 29 30 35 48 34 17 14 29 27 26 14 20
;

